95.47 17.65 6.4
95.73 16.45 6.1
94.73 16.78 5.3
95.64 17.04 4.6
97.86 15.25 6.4
96.5 17.33 6.6
96.72 17.96 7.8
95.21 18.82 4.9
96.44 18.48 7.9
95.79 17.65 7.2
96.42 18.95 8.2
93.68 22.91 6.3
97.24 24.26 6.4
97.38 25.38 6.3
94.82 20.9 6.2
94.92 20.14 6.3
94.87 20.46 6.3
96.13 21.62 9.0
96.09 21.98 8.7
96.46 22.04 8.4
95.85 20.88 8.8
96.51 22.93 7.6
95.39 21.46 8.2
96.2 19.74 8.7
96.14 20.43 8.8
97.63 16.49 4.3
97.72 16.26 3.1
97.36 16.93 3.6
92.89 20.14 5.0
96.15 16.79 4.9
96.24 16.77 5.2
96.44 24.21 6.3
94.41 23.63 6.0
95.13 22.11 8.3
95.96 21.86 8.9
95.69 22.57 8.8
97.74 22.95 6.9
97.04 20.78 7.5
98.2 14.09 5.7
