95.98488055555556 21.880352777777777 10.0
96.03950525100306 21.838393446604453 9.0
96.156472 19.84679 8.0
96.15651 19.84786 9.0
96.15725555555557 19.84723888888889 8.5
96.15725556 19.84723889 8.0
95.9755 21.87314 6.0
95.9755 21.87314 6.0
95.9755 21.87314 5.0
96.001606 21.915215 7.5
96.10324 19.74473 7.5
96.179027 19.684638 8.5
96.10324 19.74473 8.0
96.10324 19.74473 7.5
96.10324 19.74473 8.0
96.10324 19.74473 8.5
100.534365 13.767729 5.5
100.536826 13.76451 7.0
95.98793 21.87885 9.0
95.98793 21.87885 9.0
96.07846 21.95199 8.0
96.07846 21.95199 9.5
96.061456 21.956169 9.0
96.07846 21.95199 9.0
96.07846 21.95199 8.0
96.051139 21.904417 9.0
96.08049 21.95 8.5
96.08049 21.95 8.0
96.066689 21.964477 9.0
96.066689 21.964477 9.0
96.066689 21.964477 9.0
96.01598 22.02631 9.0
96.01598 22.02631 10.0
96.061456 21.956169 1.0
95.988933 21.876116 8.5
96.135406 21.603348 8.0
95.31611111111111 18.786666666666665 8.0
96.510833 18.915278 7.5
95.984632 21.884005 9.0
96.425 18.935278 8.0
95.98448 21.858356 9.0
95.977297 21.840298 9.0
96.069353 21.967762 8.5
96.016449 22.055776 8.0
96.061456 21.956169 9.0
96.105995 21.99233 8.0
96.076577 21.954767 8.0
96.204927 19.7480835 8.0
96.2050236423273 19.747813410701347 8.0
95.984349 21.876043 8.5
96.1057 19.7695 7.0
94.881358 21.165164 7.0
95.980721 21.856136 8.0
95.984195 21.880004 8.0
96.208118 19.6262 9.0
95.9697 21.7056 6.5
96.175958 19.689271 8.5
99.979625 19.498086 1.0
95.993 21.871 9.0
96.0025 21.8797 9.0
95.98 21.872 9.5
95.993 21.871 9.0
95.990537 21.831334 9.5
95.990537 21.831334 9.0
96.09434444444445 21.956952777777776 9.0
96.094344444 21.956952777 8.0
95.990537 21.831334 10.0
95.990537 21.831334 9.0
95.9844 21.8248 8.5
96.052217 21.893358 7.0
96.04496 21.916589 7.5
96.04496 21.916589 9.0
96.155165 19.818859 7.5
95.98494167 21.88088611 9.0
96.22224 19.75132 9.0
95.865016 20.876109 9.0
96.0589 22.026716 8.0
95.993406 21.849187 9.0
95.98824 21.831397 9.0
96.1288 21.4279 7.0
96.1288 21.4279 7.5
96.1307 19.7633 8.0
95.98488056 21.88035278 9.0
96.21157 19.73814 9.0
95.973611 21.818889 9.0
96.613359 18.156258 8.0
96.915449 20.551299 8.5
96.0 18.25 8.8
100.547 13.802 10.0
100.547 13.802 10.0
100.547 13.802 9.5
100.585 13.732 7.0
100.585 13.732 7.5
95.984881 21.880353 9.0
100.585 13.732 7.0
96.115989 21.985678 10.0
96.0827 21.9806 9.0
96.1139 21.9855 9.0
96.1139 21.9855 10.0
96.088 21.979 10.0
96.089 21.979 10.0
96.0891 21.9588 9.0
96.0393802 22.0456029 9.5
96.092 21.978 8.0
96.08175 19.76651 9.0
96.08175 19.76651 9.0
95.9861 21.8794 7.5
96.05242 20.589678 9.0
96.07498 21.98387 9.5
96.151168 19.816302 8.0
96.1138860865531 21.95485609100904 7.0
96.11298 21.98089 9.0
100.58058 13.728076 5.8
100.58058 13.728076 5.8
96.12934 21.60193 10.0
95.9835 21.8797 7.5
95.980284 21.878951 8.0
95.9835 21.8797 8.0
96.089906 21.890191 10.0
96.0948 21.9564 8.0
96.0948 21.9564 9.0
96.04731 21.90512 9.0
96.12592 21.60465 9.0
95.954212 21.923161 7.5
96.09627638299033 21.96414143743887 8.5
96.090383 21.977436 7.0
96.157256 19.847239 8.0
96.65 20.65 8.5
